sk0 = 
k0: 1, -1, -1, -1, -1, 0, 0, 0, 0, 0, 0, 0, -1, 0, -1, 0, -1, -1, 1, 0, -1, 2, 2, 0, 1, 1, 0, -1, 1, -2, 1, -1, 0, 1, -2, 0, 1, 1, 1, -1, 2, 0, 1, 1, 1, 0, 1, 0, 1, -1, 1, 0, 0, 0, 0, 1, -1, -1, -1, 1, 1, 2, 0, 0, 0, -2, 0, 1, 0, 0, -1, 0, -1, -1, 1, -1, -1, 1, 0, 0, 0, 0, -2, 0, -2, -1, 2, 2, 0, -1, 0, 0, 1, -1, 1, -1, 1, 0, 2, -2, 2, -2, 0, -1, -1, 0, 1, 1, 2, 2, -1, 0, 0, -1, 0, 1, 1, 1, 0, -1, -1, -1, -1, 1, -1, 1, 0, 1, 1, 1, 1, 0, -2, 0, -1, 0, -1, 0, 0, -2, 1, 0, -1, 1, -1, 0, 0, -2, -1, -1, -1, 0, 0, 1, 0, -1, 0, -1, -1, -1, 1, 1, 0, -1, 2, -1, 1, 0, 0, -1, 0, -1, 0, 1, 0, 0, -1, 1, -1, 0, 1, 0, -1, -2, -1, 1, 0, 1, 0, 0, 0, 0, 1, 2, 1, -1, -1, 0, -1, 1, -1, 0, -1, 0, -1, -2, 0, 0, -1, 0, -1, 0, 1, 1, -2, -1, -2, 0, 2, 2, 1, 0, 0, 1, 1, 1, 0, 0, 1, 2, 0, 0, 2, -1, 0, 0, -1, 1, -1, 0, 0, -2, 0, 0, 0, 0, 1, -1, 0, -1, -1, 2, 0, 0, -1, 0, 

k1: 1, -1, -2, 0, 1, 1, 0, -2, 0, 1, -1, -1, -2, 1, 0, 1, 0, 1, 0, 0, 2, 0, 0, -2, 1, 0, 0, 0, 1, 0, 1, -1, -2, 0, -1, 0, 0, -2, 0, 2, 0, 0, 0, 1, -1, 2, 1, 1, -1, 1, 0, -1, 0, 2, 0, 2, -2, 1, 0, 1, 0, 1, 0, 2, 0, 0, -1, -2, 0, 1, 0, -1, 0, 0, 1, 1, -1, 2, 1, 2, 2, 0, 1, 0, -2, -1, 0, -1, 0, -1, 2, -1, 2, 0, 0, -1, 0, -2, 0, 1, 1, 0, 0, 1, 2, 2, 1, -1, 1, 0, 0, 1, 2, -2, 1, 0, 0, 0, 0, 0, 0, 2, 0, -1, -1, 0, -1, 1, 1, 0, -1, 1, -2, 1, -1, 0, 0, -1, -2, -2, 0, 0, 1, 0, -1, 1, -1, 0, 1, -1, 0, -2, 1, 1, -1, 2, 1, 0, 1, -1, 1, 0, -2, 0, -2, 1, 0, -1, 0, 0, 2, 0, 1, 0, 1, 0, -1, -1, 0, -1, -1, 0, 1, 2, 1, 0, -1, 0, -2, 0, 1, -1, 0, 1, 0, -1, -1, 1, 1, 1, 0, 2, 1, 1, -1, 0, 0, 0, -1, 2, -1, 0, 1, 1, -2, -2, 0, 0, 0, 1, -1, 0, -1, 1, 0, 1, 0, 1, 0, 1, -1, 0, 0, 1, 0, -1, 0, 1, 1, 1, -1, -2, -1, -1, -2, -1, 1, 0, -1, 0, 1, -1, 0, 1, 0, -1, 

k2: 0, -1, 1, 2, 0, 0, 1, 1, -1, -2, -1, 0, 2, -1, 1, 0, 1, 0, 0, 0, 0, -1, 1, 1, 1, -1, -1, -1, 2, 1, 0, 0, 1, 0, 0, -1, -1, -1, -1, 0, 0, 2, -1, 1, 0, 1, 0, 0, -1, 2, -1, 0, 1, -1, 2, -2, -1, 1, 0, 0, 0, 0, 0, 0, 0, 1, -1, -1, 0, -1, 0, 1, -1, 1, 0, 0, 1, 0, 1, 1, 1, 2, 1, 0, 0, 1, 0, 0, 1, 0, 0, -1, -1, 0, 0, 0, 0, 0, 1, -2, -1, 0, -1, -1, -1, -1, 1, -1, 0, -1, 1, -1, 0, 0, 0, 1, 2, -2, 0, -1, 0, 1, 0, 1, 0, 1, 0, 1, 2, 1, 0, -1, -1, 1, 0, -2, -1, 0, 0, -1, 0, 0, 1, 1, 0, -1, 0, 0, 0, 1, 0, 0, 1, 0, 0, 0, 0, 0, -1, 1, 1, -1, -1, 1, 0, 0, -1, 1, 0, -2, -1, 2, 1, 0, 0, 0, 1, 0, 0, 0, -1, -1, -1, 0, 0, 0, -1, -1, -1, -1, 1, 1, 0, 2, -1, 0, 0, 0, -1, 0, 0, 0, 2, -1, 0, -1, -1, 0, 0, 1, 0, -1, 0, 0, 1, 2, -1, 0, 0, 0, 0, 1, 0, 1, 1, 2, 1, -1, 0, 1, 0, 1, 0, 2, 0, 0, -1, 0, -1, -2, 0, 0, -1, 0, 1, 2, -1, 1, -1, 0, 0, 1, 0, 0, -1, 0, 

k3: 1, 0, 1, 1, 1, -1, 0, 0, -1, 0, 2, 0, 1, 1, 1, 1, 0, 0, 1, 1, 1, 0, -1, 0, -1, 0, 1, 0, 0, 1, 0, 0, 0, 0, -1, 0, -1, 0, 0, -1, 2, -2, 0, 1, 0, 1, -1, 0, 0, 0, -1, 1, 1, -2, -1, 0, 0, 0, 2, -1, -1, 1, -1, -1, -2, 0, -1, 0, 1, 0, -1, 1, 1, 1, -1, 0, -1, -1, 0, 0, 0, -1, -1, 0, 1, 0, 1, -1, -1, 0, 0, 0, 1, 0, 0, 0, 1, 0, -1, -1, -1, -1, 2, 0, -1, 0, 1, 1, 0, 1, 2, 0, 0, 0, 0, 0, 0, 2, -1, 0, 0, 0, 2, 1, -1, 0, 0, 0, 0, 0, -1, 1, 1, 0, -1, -1, 1, 0, -2, 1, 0, -1, 1, 1, 1, 1, -2, 2, -1, 0, -1, 1, 2, 0, 1, 2, 0, 1, -1, 0, 0, 0, 0, 0, -1, 1, 0, 0, -1, 0, 0, -2, 1, 0, 1, 0, -1, 1, -2, 1, 0, -1, 0, 0, -2, 1, -1, -2, 0, -2, 0, 1, -1, 1, 2, 1, 0, -2, -1, 0, 0, -1, 1, 1, 0, 0, -1, 0, -1, 0, -1, 1, -2, -1, 0, 0, 0, 0, -2, 0, 0, 1, 0, 2, 0, 0, 1, -1, 0, 1, 0, 0, -1, 1, 0, -1, 1, -2, 0, 0, 1, 1, 1, -2, 0, 1, 0, -1, 0, 1, 0, 1, 0, -1, -1, 1,


sk1 = 
k0: 0, 0, 2, 1, 1, 1, 0, 1, 1, -1, 1, -1, 2, 0, 0, 0, 0, 0, 0, -1, 0, -1, 1, -1, -1, -1, -1, 0, -1, -1, -1, 1, -1, 2, 1, -2, 0, 0, -2, 2, 0, 0, -1, 0, 0, 0, -1, 0, 1, 1, 1, 0, -1, 1, 0, 0, 0, -2, 0, 1, 1, -1, -1, 1, -2, 0, -1, 1, 0, 0, -1, -1, -2, 0, -1, -1, 0, -1, 0, 1, 0, 1, -1, 1, -1, 0, 1, 0, 0, -1, 0, 0, 0, 2, 0, -1, 0, 0, 0, -1, -1, 0, 0, 1, 1, 0, -1, 1, 0, 0, 2, -2, 0, 1, 0, 1, 0, 0, -2, 0, 0, -1, -1, 0, -1, -1, 0, 0, 1, 0, 0, 0, 0, 1, -1, 1, 0, -1, 1, 2, 1, 1, 1, -1, 1, 0, -2, -2, -2, 0, -1, 1, 0, -1, 1, 1, -1, 0, -1, 1, -1, 1, -2, 0, 1, 0, 0, 0, -1, 0, 1, 1, 0, -1, 2, -1, 0, 1, 0, -1, 0, 1, 0, 0, 1, -1, 0, -1, 0, 0, 0, -2, 1, 0, 0, 0, 0, -1, 2, -1, 2, -1, 0, -1, 1, -2, 1, 1, 0, 2, -2, 0, -2, 1, 0, 0, 0, -1, 2, 2, 1, 0, 0, 1, 2, 0, 1, -1, 1, 2, 0, 2, 1, 1, -2, 1, 0, 2, -1, 0, -1, 1, 2, 1, 0, 0, -1, 0, 0, 0, 0, 0, -2, -1, -1, 0, 

k1: 0, 0, -1, 1, 0, 0, 1, 2, -1, 1, 0, 1, 1, 1, -1, 0, -1, 0, 1, -1, 1, 0, 0, 1, -1, -1, -2, 0, 0, 0, -2, -1, 0, 0, -1, 0, 0, -1, -1, 0, 0, 0, -1, 1, -1, 1, -1, 1, -1, 0, 0, 1, 1, 1, 0, 1, 0, 1, 2, 1, 1, 1, 0, -1, 2, -1, 0, 2, 1, -1, 1, 1, 2, 1, 0, 0, -1, 0, 1, 2, -1, 1, -2, 1, -2, -1, 1, 1, 1, 1, -1, -1, 0, -1, 2, 0, 0, 0, 1, -1, 0, -1, -1, 0, 1, 1, 1, 0, 0, 1, 0, 0, 1, -1, -2, -1, -1, -1, 1, 0, -1, -1, 0, 1, 0, 0, 0, 0, -1, 0, 0, 0, 0, 0, 1, 0, 0, -2, 1, -1, 1, -1, 0, 0, 1, -2, 0, 2, 0, -2, 1, 1, -1, 0, 0, 0, 0, -2, 1, 0, 0, -1, 0, 0, 0, 1, -2, 1, -1, -1, 1, 0, 2, -1, 0, 0, -1, 0, -1, 0, 0, 0, -1, -1, 2, 0, 0, -2, 0, 1, -1, 0, 2, 1, 1, -2, 1, 1, -2, 0, -1, 0, 0, -1, -1, -1, -1, 0, 1, -1, 0, -2, -1, -1, 1, -1, 2, 1, 0, 1, -2, 1, 2, 0, -2, 0, 1, -1, -1, 0, 0, -1, -1, 0, 0, 1, 0, 0, 0, 2, 0, 1, -2, 0, 0, 0, 1, 1, 0, -2, 1, 1, 0, 1, 0, 2, 

k2: -1, 0, 2, -1, 0, 0, -1, 0, -1, 0, 1, 0, 0, 1, -1, 0, -2, -1, 0, 1, 0, 1, 2, -1, 0, 1, 1, 1, 1, 0, 1, 0, 0, 1, -2, -2, 0, 0, -1, 0, -2, 0, 0, 0, 0, 0, 0, -1, 0, 0, 1, 1, -1, 2, 1, -2, 0, -1, 1, -1, 1, 0, -1, -2, 2, -1, 1, 0, 1, -2, 1, 2, 0, 1, 1, 0, 0, -1, 1, 1, 1, 0, 0, -1, 0, 1, 0, 0, 0, 0, 1, 0, -1, 0, 1, 0, 1, 0, 2, 1, 1, 0, -1, -1, 0, 0, 0, 0, 0, 1, 0, -1, -1, 1, 0, 1, 0, 1, -2, -1, 1, 0, 0, 0, 0, 1, 1, 2, -2, 1, -1, -1, 0, -1, 2, 0, 0, 1, 0, -2, 0, -1, 1, 1, -1, 2, 1, 1, -1, -1, 1, -2, 1, -1, -1, 0, 0, 0, -1, 0, -1, 2, 2, 0, 1, -1, 1, 0, -2, 0, 0, 0, 1, -1, 0, 2, -1, -1, 1, -1, 1, 0, 1, 1, -1, 0, 1, 1, 0, 0, 2, 2, 0, 0, -1, -1, 1, 0, 0, -1, 0, 1, 1, 2, 2, 0, 0, 0, 0, -1, -1, -1, 1, 1, 1, 0, 1, 1, 0, 1, 1, -1, 0, 1, -2, 1, -1, -1, 1, 0, -1, -1, -2, 0, 0, -1, 2, 1, 1, 0, 0, 0, -1, -1, -1, 1, 0, -1, -2, -1, 1, 1, 0, -1, 1, 0, 

k3: 2, -1, -2, 0, -2, -1, -1, -1, -1, 1, 0, 0, 1, 1, 1, -1, 0, 0, 1, -1, 0, 0, 0, 2, -1, 0, -1, -1, 1, 0, 2, 0, 0, 1, 1, 0, 1, 0, -1, 1, 1, -1, -1, 0, -1, 1, 0, 0, 1, 0, 0, 1, -1, -1, -2, 0, 1, 0, -1, 0, 1, 0, -1, -1, -1, -1, -1, -1, -1, 1, 1, 1, 0, 1, -1, 0, 1, 0, 0, 0, -1, 1, 0, 1, 1, 0, 1, 1, -1, 1, 1, -1, 0, 0, -1, 2, -2, 0, 2, 0, -1, 0, 2, 0, 1, 2, 0, 0, 1, 1, -1, 0, 0, 1, 1, 0, 1, 0, 0, 0, 0, -2, 1, 1, 2, -1, 0, -1, 1, 1, -2, 0, 2, 1, 1, 0, 0, 0, -1, 1, 0, -1, 1, -1, -1, -1, 0, 1, 1, 0, -1, 1, 0, 1, 0, -2, -1, 0, -1, 1, -1, 1, -1, 0, -1, 0, 1, 1, 0, 2, -1, -2, 1, 1, 0, -1, -1, 0, 0, -1, 2, 0, 1, 1, 0, 0, 0, 0, 0, -1, 1, 2, 0, 1, 0, -1, 0, 0, 0, 1, 1, 2, 1, 2, -1, 0, -1, 0, 1, 0, -1, -1, 0, -1, 1, 2, 0, 0, 0, 0, 0, 1, 1, -1, 1, 1, -2, 1, 0, 0, 1, 1, 2, 0, 1, 0, 2, 1, 1, 1, 1, 0, 0, -1, -1, -1, 0, -1, 2, -1, 0, 1, 0, 2, -1, 1,
